0 19 A A -2.261 18.246 18.422 0.144 14.146 21.558 5.694604481668303 D T -1.9820000000000002 -5.553951554878048 3.3951959980221154
0 20 A A -2.261 18.246 18.422 4.574 15.719 17.97 7.301182000604904 D V -5.2415 -5.553951554878048 3.3951959980221154
0 21 A A -2.261 18.246 18.422 2.604 20.696 18.831 5.462416812778336 D T 2.1654999999999993 -5.553951554878048 3.3951959980221154
0 50 A A -2.261 18.246 18.422 -4.866 12.023 13.538 8.32857891513345 D T -3.8775 -5.553951554878048 3.3951959980221154
0 51 A A -2.261 18.246 18.422 -2.488 15.331 9.219 9.656292270209867 D A -3.3749999999999996 -5.553951554878048 3.3951959980221154
0 52 A A -2.261 18.246 18.422 -4.344 19.985 10.857 8.036929723462984 D R -2.2575 -5.553951554878048 3.3951959980221154
1 18 A A 0.555 15.888 14.98 3.799 10.331 20.154 8.256757800580164 I Y -13.449 -5.553951554878048 3.3951959980221154
1 19 A A 0.555 15.888 14.98 0.144 14.146 21.558 6.817153321345962 I T -7.3955 -5.553951554878048 3.3951959980221154
1 20 A A 0.555 15.888 14.98 4.574 15.719 17.97 5.012087516270237 I V -10.655000000000001 -5.553951554878048 3.3951959980221154
1 21 A A 0.555 15.888 14.98 2.604 20.696 18.831 6.491953344058747 I T -3.2480000000000007 -5.553951554878048 3.3951959980221154
1 22 A A 0.555 15.888 14.98 7.703 20.449 16.943 8.70344715446733 I T 0.4004999999999983 -5.553951554878048 3.3951959980221154
1 23 A A 0.555 15.888 14.98 6.892 19.396 11.781 7.918158567964011 I E -4.513000000000001 -5.553951554878048 3.3951959980221154
1 25 A A 0.555 15.888 14.98 9.116 17.505 19.003 9.596350103176436 I E -7.9225 -5.553951554878048 3.3951959980221154
1 26 A A 0.555 15.888 14.98 7.493 15.35 13.947 7.035081963620842 I L -11.462499999999999 -5.553951554878048 3.3951959980221154
1 29 A A 0.555 15.888 14.98 8.09 11.065 17.376 9.261661498795004 I V -11.63 -5.553951554878048 3.3951959980221154
1 49 A A 0.555 15.888 14.98 0.341 10.536 11.257 6.523067916177364 I I -13.848 -5.553951554878048 3.3951959980221154
1 50 A A 0.555 15.888 14.98 -4.866 12.023 13.538 6.81210857981746 I T -9.291 -5.553951554878048 3.3951959980221154
1 51 A A 0.555 15.888 14.98 -2.488 15.331 9.219 6.539053166062633 I A -8.788499999999999 -5.553951554878048 3.3951959980221154
1 52 A A 0.555 15.888 14.98 -4.344 19.985 10.857 7.601627235881853 I R -7.670999999999999 -5.553951554878048 3.3951959980221154
1 56 A A 0.555 15.888 14.98 -1.254 17.956 6.835 8.595936334103513 I E -11.637 -5.553951554878048 3.3951959980221154
1 60 A A 0.555 15.888 14.98 2.343 12.577 7.5 8.373174667717931 I F -14.514000000000001 -5.553951554878048 3.3951959980221154
2 17 A A -3.095 11.691 17.017 -0.458 6.683 21.889 7.46794577382633 Q T -5.41 -5.553951554878048 3.3951959980221154
2 18 A A -3.095 11.691 17.017 3.799 10.331 20.154 7.695297132757498 Q Y -11.8515 -5.553951554878048 3.3951959980221154
2 19 A A -3.095 11.691 17.017 0.144 14.146 21.558 6.09416377301145 Q T -5.798 -5.553951554878048 3.3951959980221154
2 20 A A -3.095 11.691 17.017 4.574 15.719 17.97 8.714731691906186 Q V -9.057500000000001 -5.553951554878048 3.3951959980221154
2 48 A A -3.095 11.691 17.017 -2.522 5.559 11.757 8.099219164476212 Q S -7.2815 -5.553951554878048 3.3951959980221154
2 49 A A -3.095 11.691 17.017 0.341 10.536 11.257 6.805712477070761 Q I -12.2505 -5.553951554878048 3.3951959980221154
2 50 A A -3.095 11.691 17.017 -4.866 12.023 13.538 3.9179211629790163 Q T -7.6935 -5.553951554878048 3.3951959980221154
2 51 A A -3.095 11.691 17.017 -2.488 15.331 9.219 8.627100149797085 Q A -7.190999999999999 -5.553951554878048 3.3951959980221154
2 83 A A -3.095 11.691 17.017 -7.497 14.652 8.856 9.733809894060544 Q D -5.2615 -5.553951554878048 3.3951959980221154
2 84 A A -3.095 11.691 17.017 -6.6 9.245 10.167 8.074060003882128 Q T -8.6635 -5.553951554878048 3.3951959980221154
3 16 A A 2.439 9.624 16.196 4.329 3.734 20.373 7.464015337831166 V Y -12.560000000000002 -5.553951554878048 3.3951959980221154
3 17 A A 2.439 9.624 16.196 -0.458 6.683 21.889 7.032236258954744 V T -8.691 -5.553951554878048 3.3951959980221154
3 18 A A 2.439 9.624 16.196 3.799 10.331 20.154 4.244433628576677 V Y -15.1325 -5.553951554878048 3.3951959980221154
3 19 A A 2.439 9.624 16.196 0.144 14.146 21.558 7.38014688154403 V T -9.079000000000002 -5.553951554878048 3.3951959980221154
3 20 A A 2.439 9.624 16.196 4.574 15.719 17.97 6.69733739298817 V V -12.338500000000002 -5.553951554878048 3.3951959980221154
3 26 A A 2.439 9.624 16.196 7.493 15.35 13.947 7.961658149423476 V L -13.146 -5.553951554878048 3.3951959980221154
3 29 A A 2.439 9.624 16.196 8.09 11.065 17.376 5.950015720378721 V V -13.313500000000001 -5.553951554878048 3.3951959980221154
3 30 A A 2.439 9.624 16.196 10.523 10.363 12.773 8.809886355408612 V L -12.8825 -5.553951554878048 3.3951959980221154
3 33 A A 2.439 9.624 16.196 9.217 5.227 15.613 8.100294847184768 V L -15.249500000000001 -5.553951554878048 3.3951959980221154
3 47 A A 2.439 9.624 16.196 3.147 4.316 11.465 7.145521359172105 V I -15.634500000000003 -5.553951554878048 3.3951959980221154
3 48 A A 2.439 9.624 16.196 -2.522 5.559 11.757 7.800029109020203 V S -10.562500000000002 -5.553951554878048 3.3951959980221154
3 49 A A 2.439 9.624 16.196 0.341 10.536 11.257 5.443074668224943 V I -15.531500000000001 -5.553951554878048 3.3951959980221154
3 50 A A 2.439 9.624 16.196 -4.866 12.023 13.538 8.13530511979052 V T -10.9745 -5.553951554878048 3.3951959980221154
3 60 A A 2.439 9.624 16.196 2.343 12.577 7.5 9.18421597078634 V F -16.1975 -5.553951554878048 3.3951959980221154
3 64 A A 2.439 9.624 16.196 5.079 7.144 7.071 9.817617066192714 V L -16.321 -5.553951554878048 3.3951959980221154
4 15 A A -1.658 5.39 16.264 -0.31 -0.037 21.406 7.596683641955681 Q D -4.474 -5.553951554878048 3.3951959980221154
4 16 A A -1.658 5.39 16.264 4.329 3.734 20.373 7.447844163946349 Q Y -9.7905 -5.553951554878048 3.3951959980221154
4 17 A A -1.658 5.39 16.264 -0.458 6.683 21.889 5.8951230469367975 Q T -5.9215 -5.553951554878048 3.3951959980221154
4 18 A A -1.658 5.39 16.264 3.799 10.331 20.154 8.326129495332562 Q Y -12.363 -5.553951554878048 3.3951959980221154
4 46 A A -1.658 5.39 16.264 0.124 -0.512 11.726 7.6552315170789 Q R -10.2055 -5.553951554878048 3.3951959980221154
4 47 A A -1.658 5.39 16.264 3.147 4.316 11.465 6.875456638776745 Q I -12.865000000000002 -5.553951554878048 3.3951959980221154
4 48 A A -1.658 5.39 16.264 -2.522 5.559 11.757 4.592178802637753 Q S -7.793 -5.553951554878048 3.3951959980221154
4 49 A A -1.658 5.39 16.264 0.341 10.536 11.257 7.45301086210429 Q I -12.762 -5.553951554878048 3.3951959980221154
4 50 A A -1.658 5.39 16.264 -4.866 12.023 13.538 7.856146147291155 Q T -8.205 -5.553951554878048 3.3951959980221154
4 84 A A -1.658 5.39 16.264 -6.6 9.245 10.167 8.744014763794326 Q T -9.175 -5.553951554878048 3.3951959980221154
4 86 A A -1.658 5.39 16.264 -3.476 3.934 8.283 8.31392938471123 Q T -8.016 -5.553951554878048 3.3951959980221154
5 15 A A 3.945 3.377 16.613 -0.31 -0.037 21.406 7.26176707891395 V D -8.4265 -5.553951554878048 3.3951959980221154
5 16 A A 3.945 3.377 16.613 4.329 3.734 20.373 3.7963788999618036 V Y -13.743 -5.553951554878048 3.3951959980221154
5 17 A A 3.945 3.377 16.613 -0.458 6.683 21.889 7.625759649739539 V T -9.874 -5.553951554878048 3.3951959980221154
5 18 A A 3.945 3.377 16.613 3.799 10.331 20.154 7.805005438422118 V Y -16.3155 -5.553951554878048 3.3951959980221154
5 29 A A 3.945 3.377 16.613 8.09 11.065 17.376 8.76747043923343 V V -14.496500000000001 -5.553951554878048 3.3951959980221154
5 32 A A 3.945 3.377 16.613 12.207 7.956 19.039 9.752607339299106 V E -11.8885 -5.553951554878048 3.3951959980221154
5 33 A A 3.945 3.377 16.613 9.217 5.227 15.613 5.675957337684873 V L -16.4325 -5.553951554878048 3.3951959980221154
5 36 A A 3.945 3.377 16.613 11.086 1.135 18.915 7.830687326248242 V Y -12.186 -5.553951554878048 3.3951959980221154
5 37 A A 3.945 3.377 16.613 10.603 -0.569 14.031 8.158835984027244 V I -14.8385 -5.553951554878048 3.3951959980221154
5 45 A A 3.945 3.377 16.613 5.742 -2.008 11.457 7.668884067249554 V V -16.7295 -5.553951554878048 3.3951959980221154
5 46 A A 3.945 3.377 16.613 0.124 -0.512 11.726 7.3216896675154395 V R -14.158000000000001 -5.553951554878048 3.3951959980221154
5 47 A A 3.945 3.377 16.613 3.147 4.316 11.465 5.293433227429241 V I -16.817500000000003 -5.553951554878048 3.3951959980221154
5 48 A A 3.945 3.377 16.613 -2.522 5.559 11.757 8.376392761116001 V S -11.7455 -5.553951554878048 3.3951959980221154
5 49 A A 3.945 3.377 16.613 0.341 10.536 11.257 9.639856935444625 V I -16.7145 -5.553951554878048 3.3951959980221154
6 16 A A -0.119 -0.818 16.065 4.329 3.734 20.373 7.685327734725222 N Y -8.6565 -5.553951554878048 3.3951959980221154
6 17 A A -0.119 -0.818 16.065 -0.458 6.683 21.889 9.502572765317625 N T -4.7875 -5.553951554878048 3.3951959980221154
6 42 A A -0.119 -0.818 16.065 7.651 -6.587 14.227 9.850507663095497 N A -6.431999999999999 -5.553951554878048 3.3951959980221154
6 44 A A -0.119 -0.818 16.065 2.747 -6.86 10.497 8.701859058512655 N R -6.606999999999999 -5.553951554878048 3.3951959980221154
6 45 A A -0.119 -0.818 16.065 5.742 -2.008 11.457 7.549906688391451 N V -11.642999999999999 -5.553951554878048 3.3951959980221154
6 46 A A -0.119 -0.818 16.065 0.124 -0.512 11.726 4.356559692057928 N R -9.0715 -5.553951554878048 3.3951959980221154
6 47 A A -0.119 -0.818 16.065 3.147 4.316 11.465 7.627890617398502 N I -11.731000000000002 -5.553951554878048 3.3951959980221154
6 48 A A -0.119 -0.818 16.065 -2.522 5.559 11.757 8.062220842126973 N S -6.659 -5.553951554878048 3.3951959980221154
6 86 A A -0.119 -0.818 16.065 -3.476 3.934 8.283 9.716505766682015 N T -6.882 -5.553951554878048 3.3951959980221154
6 88 A A -0.119 -0.818 16.065 0.045 -1.172 7.391 8.682770463952592 N E -9.854999999999999 -5.553951554878048 3.3951959980221154
7 33 A A 5.399 -3.068 16.702 9.217 5.227 15.613 9.196198996801316 I L -15.5145 -5.553951554878048 3.3951959980221154
7 36 A A 5.399 -3.068 16.702 11.086 1.135 18.915 7.4097606209456455 I Y -11.267999999999999 -5.553951554878048 3.3951959980221154
7 37 A A 5.399 -3.068 16.702 10.603 -0.569 14.031 6.360884653620136 I I -13.9205 -5.553951554878048 3.3951959980221154
7 40 A A 5.399 -3.068 16.702 10.832 -5.013 17.677 5.852447076205402 I Q -10.079 -5.553951554878048 3.3951959980221154
7 41 A A 5.399 -3.068 16.702 12.412 -6.472 13.661 8.367619692969553 I G -7.494 -5.553951554878048 3.3951959980221154
7 42 A A 5.399 -3.068 16.702 7.651 -6.587 14.227 4.855974092832332 I A -10.600499999999998 -5.553951554878048 3.3951959980221154
7 43 A A 5.399 -3.068 16.702 6.266 -10.122 10.362 9.523979841253423 I K -9.715499999999999 -5.553951554878048 3.3951959980221154
7 44 A A 5.399 -3.068 16.702 2.747 -6.86 10.497 7.7404389009062085 I R -10.7755 -5.553951554878048 3.3951959980221154
7 45 A A 5.399 -3.068 16.702 5.742 -2.008 11.457 5.362021279474568 I V -15.811499999999999 -5.553951554878048 3.3951959980221154
7 46 A A 5.399 -3.068 16.702 0.124 -0.512 11.726 7.688909882067844 I R -13.239999999999998 -5.553951554878048 3.3951959980221154
7 47 A A 5.399 -3.068 16.702 3.147 4.316 11.465 9.328511036819462 I I -15.899500000000002 -5.553951554878048 3.3951959980221154
8 40 A A 1.498 -7.342 15.537 10.832 -5.013 17.677 9.855323212857243 D Q -4.283 -5.553951554878048 3.3951959980221154
8 42 A A 1.498 -7.342 15.537 7.651 -6.587 14.227 6.336050387692704 D A -4.804499999999999 -5.553951554878048 3.3951959980221154
8 43 A A 1.498 -7.342 15.537 6.266 -10.122 10.362 7.565899549857582 D K -3.9194999999999993 -5.553951554878048 3.3951959980221154
8 44 A A 1.498 -7.342 15.537 2.747 -6.86 10.497 5.214779376943508 D R -4.9795 -5.553951554878048 3.3951959980221154
8 45 A A 1.498 -7.342 15.537 5.742 -2.008 11.457 7.944148125565004 D V -10.0155 -5.553951554878048 3.3951959980221154
8 46 A A 1.498 -7.342 15.537 0.124 -0.512 11.726 7.941063749223921 D R -7.443999999999999 -5.553951554878048 3.3951959980221154
9 40 A A 6.462 -9.264 16.752 10.832 -5.013 17.677 6.166321856507095 D Q -2.385000000000001 -5.553951554878048 3.3951959980221154
9 41 A A 6.462 -9.264 16.752 12.412 -6.472 13.661 7.263060020613702 D G 0.1999999999999995 -5.553951554878048 3.3951959980221154
9 42 A A 6.462 -9.264 16.752 7.651 -6.587 14.227 3.8672572890640904 D A -2.9064999999999994 -5.553951554878048 3.3951959980221154
9 43 A A 6.462 -9.264 16.752 6.266 -10.122 10.362 6.450324164236281 D K -2.0215 -5.553951554878048 3.3951959980221154
9 44 A A 6.462 -9.264 16.752 2.747 -6.86 10.497 7.661950056494293 D R -3.0815 -5.553951554878048 3.3951959980221154
9 45 A A 6.462 -9.264 16.752 5.742 -2.008 11.457 9.011380100377332 D V -8.1175 -5.553951554878048 3.3951959980221154
10 42 A A 4.988 -14.315 17.55 7.651 -6.587 14.227 8.823597515067771 N A 2.5980000000000016 -5.553951554878048 3.3951959980221154
10 43 A A 4.988 -14.315 17.55 6.266 -10.122 10.362 8.419136465557711 N K 3.483000000000001 -5.553951554878048 3.3951959980221154
12 40 A A 5.329 -9.57 21.663 10.832 -5.013 17.677 8.181531288434508 K Q -2.366000000000001 -5.553951554878048 3.3951959980221154
12 42 A A 5.329 -9.57 21.663 7.651 -6.587 14.227 8.341706557913666 K A -2.8874999999999993 -5.553951554878048 3.3951959980221154
13 42 A A 0.347 -6.516 20.481 7.651 -6.587 14.227 9.61592328015283 N A -4.264999999999999 -5.553951554878048 3.3951959980221154
14 36 A A 4.81 -2.682 20.947 11.086 1.135 18.915 7.621462642436725 F Y -8.619 -5.553951554878048 3.3951959980221154
14 37 A A 4.81 -2.682 20.947 10.603 -0.569 14.031 9.265779799507905 F I -11.2715 -5.553951554878048 3.3951959980221154
14 40 A A 4.81 -2.682 20.947 10.832 -5.013 17.677 7.238158981023442 F Q -7.4300000000000015 -5.553951554878048 3.3951959980221154
14 42 A A 4.81 -2.682 20.947 7.651 -6.587 14.227 8.275186643771717 F A -7.951499999999999 -5.553951554878048 3.3951959980221154
14 45 A A 4.81 -2.682 20.947 5.742 -2.008 11.457 9.559446158865994 F V -13.1625 -5.553951554878048 3.3951959980221154
15 46 A A -0.31 -0.037 21.406 0.124 -0.512 11.726 9.70136002906676 D R -5.9995 -5.553951554878048 3.3951959980221154
16 29 A A 4.329 3.734 20.373 8.09 11.065 17.376 8.767592700547587 Y V -11.6545 -5.553951554878048 3.3951959980221154
16 32 A A 4.329 3.734 20.373 12.207 7.956 19.039 9.03701967516808 Y E -9.0465 -5.553951554878048 3.3951959980221154
16 33 A A 4.329 3.734 20.373 9.217 5.227 15.613 6.984209779837609 Y L -13.5905 -5.553951554878048 3.3951959980221154
16 36 A A 4.329 3.734 20.373 11.086 1.135 18.915 7.38495881706434 Y Y -9.344 -5.553951554878048 3.3951959980221154
16 37 A A 4.329 3.734 20.373 10.603 -0.569 14.031 9.904535861283021 Y I -11.996500000000001 -5.553951554878048 3.3951959980221154
16 47 A A 4.329 3.734 20.373 3.147 4.316 11.465 9.004903940793048 Y I -13.975500000000002 -5.553951554878048 3.3951959980221154
18 28 A A 3.799 10.331 20.154 12.247 14.016 18.55 9.35525223196737 Y K -11.1 -5.553951554878048 3.3951959980221154
18 29 A A 3.799 10.331 20.154 8.09 11.065 17.376 5.164176812688539 Y V -14.227 -5.553951554878048 3.3951959980221154
18 30 A A 3.799 10.331 20.154 10.523 10.363 12.773 9.984605765623492 Y L -13.796 -5.553951554878048 3.3951959980221154
18 32 A A 3.799 10.331 20.154 12.207 7.956 19.039 8.80785534252597 Y E -11.619 -5.553951554878048 3.3951959980221154
18 33 A A 3.799 10.331 20.154 9.217 5.227 15.613 8.719301705354845 Y L -16.163 -5.553951554878048 3.3951959980221154
18 49 A A 3.799 10.331 20.154 0.341 10.536 11.257 9.547585418790531 Y I -16.445 -5.553951554878048 3.3951959980221154
19 29 A A 0.144 14.146 21.558 8.09 11.065 17.376 9.49318772057861 T V -8.1735 -5.553951554878048 3.3951959980221154
19 50 A A 0.144 14.146 21.558 -4.866 12.023 13.538 9.691627066332623 T T -5.8345 -5.553951554878048 3.3951959980221154
20 30 A A 4.574 15.719 17.97 10.523 10.363 12.773 9.543905692338845 V L -11.001999999999999 -5.553951554878048 3.3951959980221154
20 49 A A 4.574 15.719 17.97 0.341 10.536 11.257 9.47871986985024 V I -13.651 -5.553951554878048 3.3951959980221154
23 56 A A 6.892 19.396 11.781 -1.254 17.956 6.835 9.63814449703381 E E -5.298 -5.553951554878048 3.3951959980221154
23 59 A A 6.892 19.396 11.781 3.446 16.445 3.996 9.010524106717343 E K -3.4120000000000004 -5.553951554878048 3.3951959980221154
23 60 A A 6.892 19.396 11.781 2.343 12.577 7.5 9.247655622993559 E F -8.175 -5.553951554878048 3.3951959980221154
23 63 A A 6.892 19.396 11.781 7.444 11.631 6.508 9.402364847296646 E I -3.903 -5.553951554878048 3.3951959980221154
26 49 A A 7.493 15.35 13.947 0.341 10.536 11.257 9.03115707402452 L I -14.4585 -5.553951554878048 3.3951959980221154
26 60 A A 7.493 15.35 13.947 2.343 12.577 7.5 8.704931540792426 L F -15.124500000000001 -5.553951554878048 3.3951959980221154
26 63 A A 7.493 15.35 13.947 7.444 11.631 6.508 8.316975471507195 L I -10.8525 -5.553951554878048 3.3951959980221154
27 63 A A 12.718 15.135 13.256 7.444 11.631 6.508 9.253572341221457 Q I -7.858 -5.553951554878048 3.3951959980221154
29 49 A A 8.09 11.065 17.376 0.341 10.536 11.257 9.887820649282773 V I -14.626000000000001 -5.553951554878048 3.3951959980221154
30 47 A A 10.523 10.363 12.773 3.147 4.316 11.465 9.627171655373724 L I -14.298000000000002 -5.553951554878048 3.3951959980221154
30 60 A A 10.523 10.363 12.773 2.343 12.577 7.5 9.98091822618016 L F -14.861 -5.553951554878048 3.3951959980221154
30 63 A A 10.523 10.363 12.773 7.444 11.631 6.508 7.0949480162659135 L I -10.588999999999999 -5.553951554878048 3.3951959980221154
30 64 A A 10.523 10.363 12.773 5.079 7.144 7.071 8.515391159346686 L L -14.9845 -5.553951554878048 3.3951959980221154
30 66 A A 10.523 10.363 12.773 11.401 8.001 3.201 9.898136125295652 L K -8.0255 -5.553951554878048 3.3951959980221154
30 67 A A 10.523 10.363 12.773 10.034 5.89 8.104 6.484320288737563 L V -11.004499999999998 -5.553951554878048 3.3951959980221154
31 67 A A 15.039 9.844 15.038 10.034 5.89 8.104 9.421490764216395 N V -6.204 -5.553951554878048 3.3951959980221154
33 45 A A 9.217 5.227 15.613 5.742 -2.008 11.457 9.038428598396976 L V -16.576999999999998 -5.553951554878048 3.3951959980221154
33 47 A A 9.217 5.227 15.613 3.147 4.316 11.465 7.408152146871794 L I -16.665000000000003 -5.553951554878048 3.3951959980221154
33 64 A A 9.217 5.227 15.613 5.079 7.144 7.071 9.683165534224 L L -17.3515 -5.553951554878048 3.3951959980221154
33 67 A A 9.217 5.227 15.613 10.034 5.89 8.104 7.5823570153967 L V -13.371500000000001 -5.553951554878048 3.3951959980221154
33 71 A A 9.217 5.227 15.613 13.1 0.287 8.621 9.400497553217429 L L -12.7485 -5.553951554878048 3.3951959980221154
34 67 A A 13.922 4.804 12.968 10.034 5.89 8.104 6.320952242807992 M V -10.698 -5.553951554878048 3.3951959980221154
34 68 A A 13.922 4.804 12.968 8.043 1.749 5.717 9.822050270121258 M F -14.948 -5.553951554878048 3.3951959980221154
34 70 A A 13.922 4.804 12.968 15.186 3.805 5.314 7.821727216957527 M E -6.092499999999999 -5.553951554878048 3.3951959980221154
34 71 A A 13.922 4.804 12.968 13.1 0.287 8.621 6.322608634404604 M L -10.075 -5.553951554878048 3.3951959980221154
35 71 A A 15.901 3.179 17.556 13.1 0.287 8.621 9.800177156053817 D L -8.5415 -5.553951554878048 3.3951959980221154
37 47 A A 10.603 -0.569 14.031 3.147 4.316 11.465 9.27574862931706 I I -15.071000000000002 -5.553951554878048 3.3951959980221154
37 67 A A 10.603 -0.569 14.031 10.034 5.89 8.104 8.784746336034784 I V -11.7775 -5.553951554878048 3.3951959980221154
37 68 A A 10.603 -0.569 14.031 8.043 1.749 5.717 9.002739383446018 I F -16.0275 -5.553951554878048 3.3951959980221154
37 71 A A 10.603 -0.569 14.031 13.1 0.287 8.621 6.019621871276013 I L -11.1545 -5.553951554878048 3.3951959980221154
37 72 A A 10.603 -0.569 14.031 13.465 -2.739 4.875 9.835257218085271 I G -7.276 -5.553951554878048 3.3951959980221154
37 73 A A 10.603 -0.569 14.031 8.781 -2.137 5.932 8.448201492594306 I Y -16.5035 -5.553951554878048 3.3951959980221154
37 91 A A 10.603 -0.569 14.031 9.865 -7.422 7.524 9.478886884535768 I L -9.573500000000001 -5.553951554878048 3.3951959980221154
38 70 A A 16.245 -1.024 13.999 15.186 3.805 5.314 9.993494588082351 K E -1.3344999999999998 -5.553951554878048 3.3951959980221154
38 71 A A 16.245 -1.024 13.999 13.1 0.287 8.621 6.366523642539595 K L -5.317 -5.553951554878048 3.3951959980221154
38 72 A A 16.245 -1.024 13.999 13.465 -2.739 4.875 9.691078361921058 K G -1.4384999999999997 -5.553951554878048 3.3951959980221154
41 71 A A 12.412 -6.472 13.661 13.1 0.287 8.621 8.459257429283188 G L -4.728000000000001 -5.553951554878048 3.3951959980221154
41 72 A A 12.412 -6.472 13.661 13.465 -2.739 4.875 9.604056423213757 G G -0.8494999999999999 -5.553951554878048 3.3951959980221154
41 73 A A 12.412 -6.472 13.661 8.781 -2.137 5.932 9.57673333716319 G Y -10.077 -5.553951554878048 3.3951959980221154
41 91 A A 12.412 -6.472 13.661 9.865 -7.422 7.524 6.712114330841155 G L -3.1470000000000002 -5.553951554878048 3.3951959980221154
42 73 A A 7.651 -6.587 14.227 8.781 -2.137 5.932 9.480845364892723 A Y -13.183499999999999 -5.553951554878048 3.3951959980221154
42 89 A A 7.651 -6.587 14.227 4.345 -2.181 6.106 9.812905855957787 A G -5.825499999999998 -5.553951554878048 3.3951959980221154
42 90 A A 7.651 -6.587 14.227 4.724 -6.792 5.376 9.32467408620617 A Q -6.003999999999999 -5.553951554878048 3.3951959980221154
42 91 A A 7.651 -6.587 14.227 9.865 -7.422 7.524 7.10839139401097 A L -6.253499999999999 -5.553951554878048 3.3951959980221154
43 73 A A 6.266 -10.122 10.362 8.781 -2.137 5.932 9.471554784544146 K Y -12.298499999999999 -5.553951554878048 3.3951959980221154
43 89 A A 6.266 -10.122 10.362 4.345 -2.181 6.106 9.212126029924413 K G -4.940499999999999 -5.553951554878048 3.3951959980221154
43 90 A A 6.266 -10.122 10.362 4.724 -6.792 5.376 6.190869579461543 K Q -5.119 -5.553951554878048 3.3951959980221154
43 91 A A 6.266 -10.122 10.362 9.865 -7.422 7.524 5.319496842876867 K L -5.3685 -5.553951554878048 3.3951959980221154
44 73 A A 2.747 -6.86 10.497 8.781 -2.137 5.932 8.919367396070966 R Y -13.3585 -5.553951554878048 3.3951959980221154
44 88 A A 2.747 -6.86 10.497 0.045 -1.172 7.391 7.021494697488936 R E -10.049999999999999 -5.553951554878048 3.3951959980221154
44 89 A A 2.747 -6.86 10.497 4.345 -2.181 6.106 6.612679018651286 R G -6.000499999999999 -5.553951554878048 3.3951959980221154
44 90 A A 2.747 -6.86 10.497 4.724 -6.792 5.376 5.489789849099897 R Q -6.178999999999999 -5.553951554878048 3.3951959980221154
44 91 A A 2.747 -6.86 10.497 9.865 -7.422 7.524 7.734371054291922 R L -6.4285 -5.553951554878048 3.3951959980221154
45 67 A A 5.742 -2.008 11.457 10.034 5.89 8.104 9.593866502880768 V V -13.668499999999998 -5.553951554878048 3.3951959980221154
45 68 A A 5.742 -2.008 11.457 8.043 1.749 5.717 7.235830733158825 V F -17.9185 -5.553951554878048 3.3951959980221154
45 71 A A 5.742 -2.008 11.457 13.1 0.287 8.621 8.212800283762936 V L -13.0455 -5.553951554878048 3.3951959980221154
45 73 A A 5.742 -2.008 11.457 8.781 -2.137 5.932 6.306963012432018 V Y -18.3945 -5.553951554878048 3.3951959980221154
45 76 A A 5.742 -2.008 11.457 4.26 0.326 2.122 9.735815440676856 V I -14.174499999999998 -5.553951554878048 3.3951959980221154
45 87 A A 5.742 -2.008 11.457 2.156 4.28 6.343 8.86291928180556 V V -17.0435 -5.553951554878048 3.3951959980221154
45 88 A A 5.742 -2.008 11.457 0.045 -1.172 7.391 7.048904972392127 V E -15.085999999999999 -5.553951554878048 3.3951959980221154
45 89 A A 5.742 -2.008 11.457 4.345 -2.181 6.106 5.533058689762424 V G -11.036499999999998 -5.553951554878048 3.3951959980221154
45 90 A A 5.742 -2.008 11.457 4.724 -6.792 5.376 7.803943556573157 V Q -11.215 -5.553951554878048 3.3951959980221154
45 91 A A 5.742 -2.008 11.457 9.865 -7.422 7.524 7.859962517258277 V L -11.4645 -5.553951554878048 3.3951959980221154
46 77 A A 0.124 -0.512 11.726 -1.256 -0.953 2.983 8.862219406011846 R N -8.04 -5.553951554878048 3.3951959980221154
46 79 A A 0.124 -0.512 11.726 -5.398 3.315 4.339 9.98529803049526 R T -8.3225 -5.553951554878048 3.3951959980221154
46 86 A A 0.124 -0.512 11.726 -3.476 3.934 8.283 6.676912858029578 R T -9.5415 -5.553951554878048 3.3951959980221154
46 87 A A 0.124 -0.512 11.726 2.156 4.28 6.343 7.487922098683788 R V -14.472000000000001 -5.553951554878048 3.3951959980221154
46 88 A A 0.124 -0.512 11.726 0.045 -1.172 7.391 4.385665971038091 R E -12.514499999999998 -5.553951554878048 3.3951959980221154
46 89 A A 0.124 -0.512 11.726 4.345 -2.181 6.106 7.224043057436959 R G -8.465 -5.553951554878048 3.3951959980221154
47 60 A A 3.147 4.316 11.465 2.343 12.577 7.5 9.198464837737532 I F -17.613000000000003 -5.553951554878048 3.3951959980221154
47 61 A A 3.147 4.316 11.465 1.441 9.419 3.26 9.811883797705105 I A -13.481500000000002 -5.553951554878048 3.3951959980221154
47 63 A A 3.147 4.316 11.465 7.444 11.631 6.508 9.825745796454484 I I -13.341000000000001 -5.553951554878048 3.3951959980221154
47 64 A A 3.147 4.316 11.465 5.079 7.144 7.071 5.571126014403136 I L -17.736500000000003 -5.553951554878048 3.3951959980221154
47 67 A A 3.147 4.316 11.465 10.034 5.89 8.104 7.823334772049986 I V -13.756500000000003 -5.553951554878048 3.3951959980221154
47 68 A A 3.147 4.316 11.465 8.043 1.749 5.717 7.97494876091739 I F -18.006500000000003 -5.553951554878048 3.3951959980221154
47 85 A A 3.147 4.316 11.465 -1.953 9.176 6.533 8.599663714554074 I V -16.517 -5.553951554878048 3.3951959980221154
47 86 A A 3.147 4.316 11.465 -3.476 3.934 8.283 7.357661410190194 I T -12.201000000000002 -5.553951554878048 3.3951959980221154
47 87 A A 3.147 4.316 11.465 2.156 4.28 6.343 5.217112575563099 I V -17.131500000000003 -5.553951554878048 3.3951959980221154
47 88 A A 3.147 4.316 11.465 0.045 -1.172 7.391 7.505866236091712 I E -15.174000000000001 -5.553951554878048 3.3951959980221154
47 89 A A 3.147 4.316 11.465 4.345 -2.181 6.106 8.506767720227138 I G -11.124500000000001 -5.553951554878048 3.3951959980221154
48 60 A A -2.522 5.559 11.757 2.343 12.577 7.5 9.541623933077295 S F -12.541 -5.553951554878048 3.3951959980221154
48 64 A A -2.522 5.559 11.757 5.079 7.144 7.071 9.068959006195511 S L -12.6645 -5.553951554878048 3.3951959980221154
48 79 A A -2.522 5.559 11.757 -5.398 3.315 4.339 8.266415996237521 S T -5.91 -5.553951554878048 3.3951959980221154
48 81 A A -2.522 5.559 11.757 -9.365 7.052 7.349 8.275636087270016 S D -4.0825000000000005 -5.553951554878048 3.3951959980221154
48 84 A A -2.522 5.559 11.757 -6.6 9.245 10.167 5.722305276673323 S T -8.288 -5.553951554878048 3.3951959980221154
48 85 A A -2.522 5.559 11.757 -1.953 9.176 6.533 6.379390625746269 S V -11.444999999999999 -5.553951554878048 3.3951959980221154
48 86 A A -2.522 5.559 11.757 -3.476 3.934 8.283 3.9521408363761226 S T -7.129 -5.553951554878048 3.3951959980221154
48 87 A A -2.522 5.559 11.757 2.156 4.28 6.343 7.268488231612933 S V -12.0595 -5.553951554878048 3.3951959980221154
48 88 A A -2.522 5.559 11.757 0.045 -1.172 7.391 8.423645852494168 S E -10.102 -5.553951554878048 3.3951959980221154
49 59 A A 0.341 10.536 11.257 3.446 16.445 3.996 9.863032948607264 I K -12.747 -5.553951554878048 3.3951959980221154
49 60 A A 0.341 10.536 11.257 2.343 12.577 7.5 4.721094218646551 I F -17.51 -5.553951554878048 3.3951959980221154
49 61 A A 0.341 10.536 11.257 1.441 9.419 3.26 8.14921412511253 I A -13.3785 -5.553951554878048 3.3951959980221154
49 63 A A 0.341 10.536 11.257 7.444 11.631 6.508 8.614211259315457 I I -13.238 -5.553951554878048 3.3951959980221154
49 64 A A 0.341 10.536 11.257 5.079 7.144 7.071 7.174740553361957 I L -17.6335 -5.553951554878048 3.3951959980221154
49 83 A A 0.341 10.536 11.257 -7.497 14.652 8.856 9.17281366643202 I D -9.855 -5.553951554878048 3.3951959980221154
49 84 A A 0.341 10.536 11.257 -6.6 9.245 10.167 7.1436870528791125 I T -13.257000000000001 -5.553951554878048 3.3951959980221154
49 85 A A 0.341 10.536 11.257 -1.953 9.176 6.533 5.424777702312495 I V -16.413999999999998 -5.553951554878048 3.3951959980221154
49 86 A A 0.341 10.536 11.257 -3.476 3.934 8.283 8.185387724756222 I T -12.098 -5.553951554878048 3.3951959980221154
49 87 A A 0.341 10.536 11.257 2.156 4.28 6.343 8.159605074282807 I V -17.0285 -5.553951554878048 3.3951959980221154
50 60 A A -4.866 12.023 13.538 2.343 12.577 7.5 9.419874696971325 T F -12.953000000000001 -5.553951554878048 3.3951959980221154
50 81 A A -4.866 12.023 13.538 -9.365 7.052 7.349 9.124448158613141 T D -4.4944999999999995 -5.553951554878048 3.3951959980221154
50 82 A A -4.866 12.023 13.538 -10.25 11.713 6.358 8.9797525472892 T G -2.634 -5.553951554878048 3.3951959980221154
50 83 A A -4.866 12.023 13.538 -7.497 14.652 8.856 5.979542506652761 T D -5.298 -5.553951554878048 3.3951959980221154
50 84 A A -4.866 12.023 13.538 -6.6 9.245 10.167 4.699753271891025 T T -8.700000000000001 -5.553951554878048 3.3951959980221154
50 85 A A -4.866 12.023 13.538 -1.953 9.176 6.533 8.103148199446156 T V -11.856999999999998 -5.553951554878048 3.3951959980221154
50 86 A A -4.866 12.023 13.538 -3.476 3.934 8.283 9.745719165521992 T T -7.5409999999999995 -5.553951554878048 3.3951959980221154
51 61 A A -2.488 15.331 9.219 1.441 9.419 3.26 9.268142641197217 A A -8.318999999999999 -5.553951554878048 3.3951959980221154
51 80 A A -2.488 15.331 9.219 -6.097 8.935 3.025 9.607254116813975 A F -9.497499999999999 -5.553951554878048 3.3951959980221154
51 82 A A -2.488 15.331 9.219 -10.25 11.713 6.358 9.029058381895195 A G -2.1314999999999995 -5.553951554878048 3.3951959980221154
51 83 A A -2.488 15.331 9.219 -7.497 14.652 8.856 5.067829293992819 A D -4.795499999999999 -5.553951554878048 3.3951959980221154
51 84 A A -2.488 15.331 9.219 -6.6 9.245 10.167 7.4058523594466745 A T -8.1975 -5.553951554878048 3.3951959980221154
51 85 A A -2.488 15.331 9.219 -1.953 9.176 6.533 6.736828138155011 A V -11.354499999999998 -5.553951554878048 3.3951959980221154
52 83 A A -4.344 19.985 10.857 -7.497 14.652 8.856 6.510476399465561 R D -3.6779999999999995 -5.553951554878048 3.3951959980221154
53 82 A A -5.281 19.807 6.003 -10.25 11.713 6.358 9.504199254371558 T G -0.9779999999999998 -5.553951554878048 3.3951959980221154
53 83 A A -5.281 19.807 6.003 -7.497 14.652 8.856 6.294781888375228 T D -3.6419999999999995 -5.553951554878048 3.3951959980221154
54 80 A A -6.635 15.394 3.164 -6.097 8.935 3.025 6.48285762084352 K F -7.117 -5.553951554878048 3.3951959980221154
54 81 A A -6.635 15.394 3.164 -9.365 7.052 7.349 9.723995645237288 K D -1.6115 -5.553951554878048 3.3951959980221154
54 82 A A -6.635 15.394 3.164 -10.25 11.713 6.358 6.067916809779151 K G 0.24899999999999978 -5.553951554878048 3.3951959980221154
54 83 A A -6.635 15.394 3.164 -7.497 14.652 8.856 5.804521560864178 K D -2.415 -5.553951554878048 3.3951959980221154
54 84 A A -6.635 15.394 3.164 -6.6 9.245 10.167 9.3195192650187 K T -5.817000000000001 -5.553951554878048 3.3951959980221154
54 85 A A -6.635 15.394 3.164 -1.953 9.176 6.533 8.481439409270399 K V -8.973999999999998 -5.553951554878048 3.3951959980221154
55 83 A A -2.802 19.055 1.719 -7.497 14.652 8.856 9.61073415184813 K D -2.7904999999999998 -5.553951554878048 3.3951959980221154
56 83 A A -1.254 17.956 6.835 -7.497 14.652 8.856 7.346829162480626 E D -7.643999999999999 -5.553951554878048 3.3951959980221154
56 85 A A -1.254 17.956 6.835 -1.953 9.176 6.533 8.81295623680476 E V -14.202999999999998 -5.553951554878048 3.3951959980221154
57 78 A A -2.92 13.069 5.769 -0.418 4.651 1.595 9.723425228228235 A V -11.1305 -5.553951554878048 3.3951959980221154
57 80 A A -2.92 13.069 5.769 -6.097 8.935 3.025 5.891758817233545 A F -11.988499999999998 -5.553951554878048 3.3951959980221154
57 81 A A -2.92 13.069 5.769 -9.365 7.052 7.349 8.957606181123044 A D -6.483 -5.553951554878048 3.3951959980221154
57 82 A A -2.92 13.069 5.769 -10.25 11.713 6.358 7.477603532947389 A G -4.6225 -5.553951554878048 3.3951959980221154
57 83 A A -2.92 13.069 5.769 -7.497 14.652 8.856 5.743203832251565 A D -7.286499999999999 -5.553951554878048 3.3951959980221154
57 84 A A -2.92 13.069 5.769 -6.6 9.245 10.167 6.892588917266274 A T -10.688500000000001 -5.553951554878048 3.3951959980221154
57 85 A A -2.92 13.069 5.769 -1.953 9.176 6.533 4.083410353161275 A V -13.845499999999998 -5.553951554878048 3.3951959980221154
57 86 A A -2.92 13.069 5.769 -3.476 3.934 8.283 9.490919893498454 A T -9.529499999999999 -5.553951554878048 3.3951959980221154
58 78 A A -0.412 14.092 1.189 -0.418 4.651 1.595 9.44972780834747 E V -7.8155 -5.553951554878048 3.3951959980221154
58 80 A A -0.412 14.092 1.189 -6.097 8.935 3.025 7.892069890141553 E F -8.6735 -5.553951554878048 3.3951959980221154
58 85 A A -0.412 14.092 1.189 -1.953 9.176 6.533 7.422942460242192 E V -10.530499999999998 -5.553951554878048 3.3951959980221154
59 85 A A 3.446 16.445 3.996 -1.953 9.176 6.533 9.40340017953737 K V -12.316999999999998 -5.553951554878048 3.3951959980221154
60 84 A A 2.343 12.577 7.5 -6.6 9.245 10.167 9.909205432067793 F T -13.923000000000002 -5.553951554878048 3.3951959980221154
60 85 A A 2.343 12.577 7.5 -1.953 9.176 6.533 5.563946996495345 F V -17.08 -5.553951554878048 3.3951959980221154
60 87 A A 2.343 12.577 7.5 2.156 4.28 6.343 8.379367885010405 F V -17.6945 -5.553951554878048 3.3951959980221154
61 76 A A 1.441 9.419 3.26 4.26 0.326 2.122 9.587723718691368 A I -10.693999999999999 -5.553951554878048 3.3951959980221154
61 78 A A 1.441 9.419 3.26 -0.418 4.651 1.595 5.381628518078129 A V -10.2335 -5.553951554878048 3.3951959980221154
61 79 A A 1.441 9.419 3.26 -5.398 3.315 4.339 9.230112089094373 A T -7.4135 -5.553951554878048 3.3951959980221154
61 80 A A 1.441 9.419 3.26 -6.097 8.935 3.025 7.557177223129488 A F -11.0915 -5.553951554878048 3.3951959980221154
61 85 A A 1.441 9.419 3.26 -1.953 9.176 6.533 4.721314800566144 A V -12.9485 -5.553951554878048 3.3951959980221154
61 86 A A 1.441 9.419 3.26 -3.476 3.934 8.283 8.915863951680892 A T -8.6325 -5.553951554878048 3.3951959980221154
61 87 A A 1.441 9.419 3.26 2.156 4.28 6.343 6.035348399044712 A V -13.563 -5.553951554878048 3.3951959980221154
62 78 A A 5.839 11.968 1.367 -0.418 4.651 1.595 9.63018896755309 A V -8.228000000000002 -5.553951554878048 3.3951959980221154
62 85 A A 5.839 11.968 1.367 -1.953 9.176 6.533 9.756950835153848 A V -10.942999999999998 -5.553951554878048 3.3951959980221154
62 87 A A 5.839 11.968 1.367 2.156 4.28 6.343 9.870684489562032 A V -11.557500000000001 -5.553951554878048 3.3951959980221154
63 85 A A 7.444 11.631 6.508 -1.953 9.176 6.533 9.71242737024907 I V -12.807999999999998 -5.553951554878048 3.3951959980221154
63 87 A A 7.444 11.631 6.508 2.156 4.28 6.343 9.056895660699038 I V -13.4225 -5.553951554878048 3.3951959980221154
64 76 A A 5.079 7.144 7.071 4.26 0.326 2.122 8.464543159897156 L I -14.949000000000002 -5.553951554878048 3.3951959980221154
64 78 A A 5.079 7.144 7.071 -0.418 4.651 1.595 8.149762727056796 L V -14.488500000000002 -5.553951554878048 3.3951959980221154
64 85 A A 5.079 7.144 7.071 -1.953 9.176 6.533 7.33944744930325 L V -17.2035 -5.553951554878048 3.3951959980221154
64 86 A A 5.079 7.144 7.071 -3.476 3.934 8.283 9.217432787913728 L T -12.887500000000001 -5.553951554878048 3.3951959980221154
64 87 A A 5.079 7.144 7.071 2.156 4.28 6.343 4.156490003496931 L V -17.818 -5.553951554878048 3.3951959980221154
64 88 A A 5.079 7.144 7.071 0.045 -1.172 7.391 9.72622285426065 L E -15.8605 -5.553951554878048 3.3951959980221154
64 89 A A 5.079 7.144 7.071 4.345 -2.181 6.106 9.403489021311493 L G -11.811 -5.553951554878048 3.3951959980221154
65 76 A A 6.622 6.217 1.869 4.26 0.326 2.122 6.351923745781021 I I -10.377500000000001 -5.553951554878048 3.3951959980221154
65 78 A A 6.622 6.217 1.869 -0.418 4.651 1.595 7.217273643757521 I V -9.917000000000002 -5.553951554878048 3.3951959980221154
65 87 A A 6.622 6.217 1.869 2.156 4.28 6.343 6.611641713851693 I V -13.246500000000001 -5.553951554878048 3.3951959980221154
65 89 A A 6.622 6.217 1.869 4.345 -2.181 6.106 9.677980138466232 I G -7.2395 -5.553951554878048 3.3951959980221154
67 87 A A 10.034 5.89 8.104 2.156 4.28 6.343 8.231410033828926 V V -13.838000000000001 -5.553951554878048 3.3951959980221154
68 78 A A 8.043 1.749 5.717 -0.418 4.651 1.595 9.848909315729973 F V -14.758500000000002 -5.553951554878048 3.3951959980221154
68 87 A A 8.043 1.749 5.717 2.156 4.28 6.343 6.438525071981863 F V -18.088 -5.553951554878048 3.3951959980221154
68 88 A A 8.043 1.749 5.717 0.045 -1.172 7.391 8.677702504231931 F E -16.130499999999998 -5.553951554878048 3.3951959980221154
68 89 A A 8.043 1.749 5.717 4.345 -2.181 6.106 5.410307491681135 F G -12.081 -5.553951554878048 3.3951959980221154
68 90 A A 8.043 1.749 5.717 4.724 -6.792 5.376 9.169553498657724 F Q -12.2595 -5.553951554878048 3.3951959980221154
68 91 A A 8.043 1.749 5.717 9.865 -7.422 7.524 9.523243226971502 F L -12.509 -5.553951554878048 3.3951959980221154
69 89 A A 11.476 2.654 1.832 4.345 -2.181 6.106 9.61745603110583 A G -4.5205 -5.553951554878048 3.3951959980221154
71 89 A A 13.1 0.287 8.621 4.345 -2.181 6.106 9.437494341109645 L G -7.208 -5.553951554878048 3.3951959980221154
71 91 A A 13.1 0.287 8.621 9.865 -7.422 7.524 8.431922708175202 L L -7.636000000000001 -5.553951554878048 3.3951959980221154
72 89 A A 13.465 -2.739 4.875 4.345 -2.181 6.106 9.21960610762657 G G -3.3294999999999995 -5.553951554878048 3.3951959980221154
72 90 A A 13.465 -2.739 4.875 4.724 -6.792 5.376 9.647947229446661 G Q -3.507999999999999 -5.553951554878048 3.3951959980221154
72 91 A A 13.465 -2.739 4.875 9.865 -7.422 7.524 6.473614766177328 G L -3.7575000000000003 -5.553951554878048 3.3951959980221154
73 87 A A 8.781 -2.137 5.932 2.156 4.28 6.343 9.232412578335175 Y V -18.564 -5.553951554878048 3.3951959980221154
73 88 A A 8.781 -2.137 5.932 0.045 -1.172 7.391 8.909410846039998 Y E -16.606499999999997 -5.553951554878048 3.3951959980221154
73 89 A A 8.781 -2.137 5.932 4.345 -2.181 6.106 4.439629487051797 Y G -12.556999999999999 -5.553951554878048 3.3951959980221154
73 90 A A 8.781 -2.137 5.932 4.724 -6.792 5.376 6.199791000289093 Y Q -12.735499999999998 -5.553951554878048 3.3951959980221154
73 91 A A 8.781 -2.137 5.932 9.865 -7.422 7.524 5.625010342058635 Y L -12.985 -5.553951554878048 3.3951959980221154
74 89 A A 9.985 -3.784 0.428 4.345 -2.181 6.106 8.16203997076558 N G -3.2704999999999993 -5.553951554878048 3.3951959980221154
74 90 A A 9.985 -3.784 0.428 4.724 -6.792 5.376 7.82361075162045 N Q -3.449 -5.553951554878048 3.3951959980221154
74 91 A A 9.985 -3.784 0.428 9.865 -7.422 7.524 7.975127656207924 N L -3.6985 -5.553951554878048 3.3951959980221154
75 88 A A 4.745 -5.479 0.716 0.045 -1.172 7.391 9.230161270270163 D E -5.999499999999999 -5.553951554878048 3.3951959980221154
75 89 A A 4.745 -5.479 0.716 4.345 -2.181 6.106 6.331580003006568 D G -1.9499999999999993 -5.553951554878048 3.3951959980221154
75 90 A A 4.745 -5.479 0.716 4.724 -6.792 5.376 4.841488217836758 D Q -2.1284999999999994 -5.553951554878048 3.3951959980221154
75 91 A A 4.745 -5.479 0.716 9.865 -7.422 7.524 8.737191553087959 D L -2.378 -5.553951554878048 3.3951959980221154
76 87 A A 4.26 0.326 2.122 2.156 4.28 6.343 6.154492432330174 I V -14.344000000000001 -5.553951554878048 3.3951959980221154
76 88 A A 4.26 0.326 2.122 0.045 -1.172 7.391 6.911771888394974 I E -12.386499999999998 -5.553951554878048 3.3951959980221154
76 89 A A 4.26 0.326 2.122 4.345 -2.181 6.106 4.707922025736518 I G -8.337 -5.553951554878048 3.3951959980221154
76 90 A A 4.26 0.326 2.122 4.724 -6.792 5.376 7.8402636557640415 I Q -8.5155 -5.553951554878048 3.3951959980221154
77 87 A A -1.256 -0.953 2.983 2.156 4.28 6.343 7.09335151258926 N V -10.781 -5.553951554878048 3.3951959980221154
77 88 A A -1.256 -0.953 2.983 0.045 -1.172 7.391 4.601198347154619 N E -8.8235 -5.553951554878048 3.3951959980221154
77 89 A A -1.256 -0.953 2.983 4.345 -2.181 6.106 6.529342153690595 N G -4.773999999999999 -5.553951554878048 3.3951959980221154
77 90 A A -1.256 -0.953 2.983 4.724 -6.792 5.376 8.693719846562104 N Q -4.9525 -5.553951554878048 3.3951959980221154
78 88 A A -0.418 4.651 1.595 0.045 -1.172 7.391 8.228931227265567 V E -11.925999999999998 -5.553951554878048 3.3951959980221154
78 89 A A -0.418 4.651 1.595 4.345 -2.181 6.106 9.471615600054475 V G -7.8765 -5.553951554878048 3.3951959980221154
